20150304 0
20150328 44.4138716211
20150515 35.2597151938
20150527 -40.9581537418
20150608 -39.0384792424
20150702 -97.7120108507
20150714 51.0841933739
20150726 -44.2888224351
20150819 5.69653438948
20150912 11.5968586462
20151006 28.82692023
20151018 -13.1364524955
20151111 53.1437941831
20151123 -5.96570671812
20151205 -43.2846448087
20151217 47.9836508528
20151229 -64.0808733088
20160110 -52.0752245943
20160122 -12.6606063383
20160203 -11.3347478477
20160215 31.7982958677
20160227 -16.6916473657
20160310 20.504785175
20160322 -50.1162587424
20160403 -41.0133666742
20160415 11.5802646321
20160427 42.5942262897
20160509 -13.0171568943
20160521 -8.50861817094
20160602 -27.4283818656
20160614 -7.34216446581
20160708 1.62941208063
20160720 15.082681684
20160801 -49.7156754685
20160813 13.0310860157
20160825 20.4615983562
20160906 52.243710185
20160918 3.30353814144
20160930 -59.5600964508
20161012 -17.8477086971
20161024 -15.0119234847
20161117 -34.3878349025
20161129 -47.6533965019
20161211 -18.712480731
20161223 -13.7728747519
20170104 50.2120684983
20170116 15.3590771946
20170128 -63.5705616731
20170209 -73.7338697106
20170221 28.8313271083
20170305 113.938907459
20170317 28.280866346
20170329 2.12541291014
20170410 -49.6905938889
20170422 -24.4937651991
20170504 -41.0560143764
20170516 -19.5140236289
20170528 69.8060228121
20170609 -49.4429705425
20170621 -22.0597574872
20170703 59.0223560008
20170715 54.5575409803
20170727 -4.90833236597
20170808 -20.5484770709
20170820 28.7230816038
20170901 0.616575398921
20170913 -10.5595272266
20171007 -13.5663271171
20171031 -29.1575425115
20171112 26.854153202
20171124 -28.0948787201
20171206 71.8753664471
20171218 -33.0619005797
20171230 49.5240027735
20180111 16.5447788938
20180123 24.7759435919
20180204 -32.4190946068
20180216 -67.4757410948
20180228 -39.5906555916
20180312 54.6700853234
20180324 122.493427551
20180405 101.117832137
20180417 61.1776411742
20180429 -13.2120273883
20180511 -38.2502269064
20180523 -12.9649601381
20180604 98.8482059884
20180616 43.355637449
20180628 10.0165570484
20180710 29.4655406332
20180722 20.2442958836
20180803 64.0404347688
20180815 39.7441675887
20180821 7.82068268443
20180827 14.9527346103
20180908 -14.0374514174
20180920 3.70081563201
20181002 76.7705370209
